version;3
active;1
interface;eth0
nick;eth0
created;1465446787
updated;1465492990
totalrx;328
totaltx;43
currx;1284531279
curtx;12886657290
totalrxk;633
totaltxk;269
btime;1464247101
d;0;1465446787;328;43;633;269;1
d;1;0;0;0;0;0;0
d;2;0;0;0;0;0;0
d;3;0;0;0;0;0;0
d;4;0;0;0;0;0;0
d;5;0;0;0;0;0;0
d;6;0;0;0;0;0;0
d;7;0;0;0;0;0;0
d;8;0;0;0;0;0;0
d;9;0;0;0;0;0;0
d;10;0;0;0;0;0;0
d;11;0;0;0;0;0;0
d;12;0;0;0;0;0;0
d;13;0;0;0;0;0;0
d;14;0;0;0;0;0;0
d;15;0;0;0;0;0;0
d;16;0;0;0;0;0;0
d;17;0;0;0;0;0;0
d;18;0;0;0;0;0;0
d;19;0;0;0;0;0;0
d;20;0;0;0;0;0;0
d;21;0;0;0;0;0;0
d;22;0;0;0;0;0;0
d;23;0;0;0;0;0;0
d;24;0;0;0;0;0;0
d;25;0;0;0;0;0;0
d;26;0;0;0;0;0;0
d;27;0;0;0;0;0;0
d;28;0;0;0;0;0;0
d;29;0;0;0;0;0;0
m;0;1465446787;328;43;633;269;1
m;1;0;0;0;0;0;0
m;2;0;0;0;0;0;0
m;3;0;0;0;0;0;0
m;4;0;0;0;0;0;0
m;5;0;0;0;0;0;0
m;6;0;0;0;0;0;0
m;7;0;0;0;0;0;0
m;8;0;0;0;0;0;0
m;9;0;0;0;0;0;0
m;10;0;0;0;0;0;0
m;11;0;0;0;0;0;0
t;0;0;0;0;0;0;0
t;1;0;0;0;0;0;0
t;2;0;0;0;0;0;0
t;3;0;0;0;0;0;0
t;4;0;0;0;0;0;0
t;5;0;0;0;0;0;0
t;6;0;0;0;0;0;0
t;7;0;0;0;0;0;0
t;8;0;0;0;0;0;0
t;9;0;0;0;0;0;0
h;0;0;0;0
h;1;0;0;0
h;2;0;0;0
h;3;0;0;0
h;4;1465448378;79;196
h;5;1465451978;6322;2822
h;6;1465455578;4639;3002
h;7;1465459178;142929;5994
h;8;1465462778;175875;10681
h;9;1465466378;3431;14458
h;10;1465469979;1115;1746
h;11;1465473579;260;687
h;12;1465477179;335;885
h;13;1465480779;287;752
h;14;1465484379;310;823
h;15;1465487980;371;966
h;16;1465491580;405;935
h;17;1465492990;147;354
h;18;0;0;0
h;19;0;0;0
h;20;0;0;0
h;21;0;0;0
h;22;0;0;0
h;23;0;0;0

